1,19.95490718,1,1
9999,19.12,9999,9999,1^1^20
9999,6.90753,9999,9999,1^2^20:1^3^1020:1^1^1520
9999,4.06455,9999,9999,1^2^20:1^4^1020:1^1^1520
9999,0.122192,9999,9999,1^2^20:1^3^1020:1^1^1520
9999,14.8538,9999,9999,1^4^20:1^1^1520
1,9999,9999,9999,1^2^20:1^3^1020:1^1^1520
1,9999,9999,9999,1^2^20:1^4^1020:1^1^1520
9999,9.66436,9999,9999,1^3^20:1^1^1520
9999,14.5334,9999,9999,1^4^20:1^1^1520
9999,11.3741,9999,9999,1^3^20:1^1^1520
1,9999,9999,9999,1^2^20:1^4^1020:1^1^1520
9999,11.7902,9999,9999,1^3^20:1^1^1520
9999,3.59526,9999,9999,1^2^20:1^4^1020:1^1^1520
1,9999,9999,9999,1^2^20:1^3^1020:1^1^1520
9999,0.691565,9999,9999,1^2^20:1^4^1020:1^1^1520
9999,19.9627,9999,9999,1^3^20:1^1^1520
1,9999,9999,9999,1^2^20:1^4^1020:1^1^1520
9999,16.9449,9999,9999,1^3^20:1^1^1520
9999,5.70478,9999,9999,1^2^20:1^4^1020:1^1^1520
9999,4.27176,9999,9999,1^2^20:1^3^1020:1^1^1520
9999,16.0355,9999,9999,1^4^20:1^1^1520
9999,3.27901,9999,9999,1^2^20:1^3^1020:1^1^1520
9999,10.4584,9999,9999,1^4^20:1^1^1520
9999,15.5235,9999,9999,1^3^20:1^1^1520
9999,5.42797,9999,9999,1^2^20:1^4^1020:1^1^1520
9999,13.2584,9999,9999,1^3^20:1^1^1520
9999,7.02109,9999,9999,1^2^20:1^4^1020:1^1^1520
1,9999,9999,9999,1^2^20:1^3^1020:1^1^1520
9999,16.2858,9999,9999,1^4^20:1^1^1520
9999,8.48522,9999,9999,1^2^20:1^3^1020:1^1^1520
1,9999,9999,9999,1^2^20:1^4^1020:1^1^1520
9999,4.13081,9999,9999,1^2^20:1^3^1020:1^1^1520
9999,14.5258,9999,9999,1^4^20:1^1^1520
9999,18.6939,9999,9999,1^3^20:1^1^1520
9999,15.2277,9999,9999,1^4^20:1^1^1520
9999,19.5093,9999,9999,1^3^20:1^1^1520
9999,0.696294,9999,9999,1^2^20:1^4^1020:1^1^1520
9999,1.98721,9999,9999,1^2^20:1^3^1020:1^1^1520
1,9999,9999,9999,1^2^20:1^4^1020:1^1^1520
9999,9.13084,9999,9999,1^3^20:1^1^1520
9999,6.55818,9999,9999,1^2^20:1^4^1020:1^1^1520
9999,4.26497,9999,9999,1^2^20:1^3^1020:1^1^1520
9999,14.6467,9999,9999,1^4^20:1^1^1520
9999,16.956,9999,9999,1^3^20:1^1^1520
9999,7.48674,9999,9999,1^2^20:1^4^1020:1^1^1520
9999,7.31391,9999,9999,1^2^20:1^3^1020:1^1^1520
9999,7.65785,9999,9999,1^2^20:1^4^1020:1^1^1520
9999,11.5047,9999,9999,1^3^20:1^1^1520
9999,12.2507,9999,9999,1^4^20:1^1^1520
9999,11.2611,9999,9999,1^3^20:1^1^1520
1,9999,9999,9999,1^2^20:1^4^1020:1^1^1520
9999,18.7674,9999,9999,1^3^20:1^1^1520
9999,3.0234,9999,9999,1^2^20:1^4^1020:1^1^1520
1,9999,9999,9999,1^2^20:1^3^1020:1^1^1520
1,9999,9999,9999,1^2^20:1^4^1020:1^1^1520
9999,11.3607,9999,9999,1^3^20:1^1^1520
9999,15.8739,9999,9999,1^4^20:1^1^1520
1,9999,9999,9999,1^2^20:1^3^1020:1^1^1520
9999,14.7108,9999,9999,1^4^20:1^1^1520
9999,2.42164,9999,9999,1^2^20:1^3^1020:1^1^1520
9999,16.2667,9999,9999,1^4^20:1^1^1520
9999,19.8527,9999,9999,1^3^20:1^1^1520
1,9999,9999,9999,1^2^20:1^4^1020:1^1^1520
9999,8.78347,9999,9999,1^2^20:1^3^1020:1^1^1520
9999,3.99993,9999,9999,1^2^20:1^4^1020:1^1^1520
1,9999,9999,9999,1^2^20:1^3^1020:1^1^1520
9999,4.34958,9999,9999,1^2^20:1^4^1020:1^1^1520
9999,14.3476,9999,9999,1^3^20:1^1^1520
9999,3.88114,9999,9999,1^2^20:1^4^1020:1^1^1520
9999,6.62549,9999,9999,1^2^20:1^3^1020:1^1^1520
9999,17.9564,9999,9999,1^4^20:1^1^1520
9999,14.0685,9999,9999,1^3^20:1^1^1520
1,9999,9999,9999,1^2^20:1^4^1020:1^1^1520
9999,1.95193,9999,9999,1^2^20:1^3^1020:1^1^1520
1,9999,9999,9999,1^2^20:1^4^1020:1^1^1520
9999,4.99464,9999,9999,1^2^20:1^3^1020:1^1^1520
1,9999,9999,9999,1^2^20:1^4^1020:1^1^1520
9999,9.57295,9999,9999,1^3^20:1^1^1520
9999,13.1383,9999,9999,1^4^20:1^1^1520
1,9999,9999,9999,1^2^20:1^3^1020:1^1^1520
9999,18.9963,9999,9999,1^4^20:1^1^1520
9999,6.99881,9999,9999,1^2^20:1^3^1020:1^1^1520
1,9999,9999,9999,1^2^20:1^4^1020:1^1^1520
9999,8.16475,9999,9999,1^2^20:1^3^1020:1^1^1520
9999,8.9778,9999,9999,1^2^20:1^4^1020:1^1^1520
9999,15.026,9999,9999,1^3^20:1^1^1520
1,9999,9999,9999,1^2^20:1^4^1020:1^1^1520
9999,10.3158,9999,9999,1^3^20:1^1^1520
1,9999,9999,9999,1^2^20:1^4^1020:1^1^1520
9999,7.01874,9999,9999,1^2^20:1^3^1020:1^1^1520
9999,2.15879,9999,9999,1^2^20:1^4^1020:1^1^1520
9999,17.6399,9999,9999,1^3^20:1^1^1520
9999,2.89177,9999,9999,1^2^20:1^4^1020:1^1^1520
9999,17.8302,9999,9999,1^3^20:1^1^1520
9999,14.722,9999,9999,1^4^20:1^1^1520
9999,9.83354,9999,9999,1^3^20:1^1^1520
9999,4.44758,9999,9999,1^2^20:1^4^1020:1^1^1520
9999,7.27903,9999,9999,1^2^20:1^3^1020:1^1^1520
9999,15.6591,9999,9999,1^4^20:1^1^1520
1,9999,9999,9999,1^2^20:1^3^1020:1^1^1520
9999,8.98979,9999,9999,1^2^20:1^4^1020:1^1^1520
9999,2.13908,9999,9999,1^2^20:1^3^1020:1^1^1520
9999,0.0758008,9999,9999,1^2^20:1^4^1020:1^1^1520
9999,10.8198,9999,9999,1^3^20:1^1^1520
1,9999,9999,9999,1^2^20:1^4^1020:1^1^1520
9999,12.4665,9999,9999,1^3^20:1^1^1520
9999,12.5539,9999,9999,1^4^20:1^1^1520
1,9999,9999,9999,1^2^20:1^3^1020:1^1^1520
9999,7.30621,9999,9999,1^2^20:1^4^1020:1^1^1520
9999,8.02111,9999,9999,1^2^20:1^3^1020:1^1^1520
9999,15.2031,9999,9999,1^4^20:1^1^1520
9999,5.48814,9999,9999,1^2^20:1^3^1020:1^1^1520
9999,15.9551,9999,9999,1^4^20:1^1^1520
1,9999,9999,9999,1^2^20:1^3^1020:1^1^1520
9999,17.9937,9999,9999,1^4^20:1^1^1520
1,9999,9999,9999,1^2^20:1^3^1020:1^1^1520
9999,5.55735,9999,9999,1^2^20:1^4^1020:1^1^1520
9999,11.3161,9999,9999,1^3^20:1^1^1520
9999,7.83349,9999,9999,1^2^20:1^4^1020:1^1^1520
9999,19.1089,9999,9999,1^3^20:1^1^1520
9999,18.2547,9999,9999,1^4^20:1^1^1520
9999,6.93817,9999,9999,1^2^20:1^3^1020:1^1^1520
9999,13.8911,9999,9999,1^4^20:1^1^1520
1,9999,9999,9999,1^2^20:1^3^1020:1^1^1520
1,9999,9999,9999,1^2^20:1^4^1020:1^1^1520
9999,11.2748,9999,9999,1^3^20:1^1^1520
9999,12.9923,9999,9999,1^4^20:1^1^1520
1,9999,9999,9999,1^2^20:1^3^1020:1^1^1520
9999,4.4509,9999,9999,1^2^20:1^4^1020:1^1^1520
1,9999,9999,9999,1^2^20:1^3^1020:1^1^1520
9999,14.986,9999,9999,1^4^20:1^1^1520
9999,2.57996,9999,9999,1^2^20:1^3^1020:1^1^1520
9999,11.1872,9999,9999,1^4^20:1^1^1520
1,9999,9999,9999,1^2^20:1^3^1020:1^1^1520
9999,16.6105,9999,9999,1^4^20:1^1^1520
1,9999,9999,9999,1^2^20:1^3^1020:1^1^1520
9999,12.8048,9999,9999,1^4^20:1^1^1520
9999,5.65156,9999,9999,1^2^20:1^3^1020:1^1^1520
9999,2.69354,9999,9999,1^2^20:1^4^1020:1^1^1520
9999,7.9779,9999,9999,1^2^20:1^3^1020:1^1^1520
9999,8.22354,9999,9999,1^2^20:1^4^1020:1^1^1520
9999,13.0969,9999,9999,1^3^20:1^1^1520
1,9999,9999,9999,1^2^20:1^4^1020:1^1^1520
1,9999,9999,9999,1^2^20:1^3^1020:1^1^1520
9999,16.6438,9999,9999,1^4^20:1^1^1520
9999,7.16452,9999,9999,1^2^20:1^3^1020:1^1^1520
9999,7.16234,9999,9999,1^2^20:1^4^1020:1^1^1520
1,9999,9999,9999,1^2^20:1^3^1020:1^1^1520
1,9999,9999,9999,1^2^20:1^4^1020:1^1^1520
9999,4.96057,9999,9999,1^2^20:1^3^1020:1^1^1520
9999,4.60765,9999,9999,1^2^20:1^4^1020:1^1^1520
1,9999,9999,9999,1^2^20:1^3^1020:1^1^1520
1,9999,9999,9999,1^2^20:1^4^1020:1^1^1520
9999,19.0569,9999,9999,1^3^20:1^1^1520
9999,9.27364,9999,9999,1^4^20:1^1^1520
9999,0.95935,9999,9999,1^2^20:1^3^1020:1^1^1520
9999,16.363,9999,9999,1^4^20:1^1^1520
9999,17.5781,9999,9999,1^3^20:1^1^1520
1,9999,9999,9999,1^2^20:1^4^1020:1^1^1520
9999,0.566224,9999,9999,1^2^20:1^3^1020:1^1^1520
1,9999,9999,9999,1^2^20:1^4^1020:1^1^1520
9999,16.2794,9999,9999,1^3^20:1^1^1520
9999,8.59476,9999,9999,1^2^20:1^4^1020:1^1^1520
9999,12.0795,9999,9999,1^3^20:1^1^1520
1,9999,9999,9999,1^2^20:1^4^1020:1^1^1520
1,9999,9999,9999,1^2^20:1^3^1020:1^1^1520
9999,3.75505,9999,9999,1^2^20:1^4^1020:1^1^1520
1,9999,9999,9999,1^2^20:1^3^1020:1^1^1520
9999,12.0025,9999,9999,1^4^20:1^1^1520
9999,17.4919,9999,9999,1^3^20:1^1^1520
9999,15.6252,9999,9999,1^4^20:1^1^1520
9999,1.78373,9999,9999,1^2^20:1^3^1020:1^1^1520
9999,9.63136,9999,9999,1^4^20:1^1^1520
1,9999,9999,9999,1^2^20:1^3^1020:1^1^1520
9999,7.11989,9999,9999,1^2^20:1^4^1020:1^1^1520
9999,19.0331,9999,9999,1^3^20:1^1^1520
9999,17.2337,9999,9999,1^4^20:1^1^1520
9999,6.03478,9999,9999,1^2^20:1^3^1020:1^1^1520
9999,14.6394,9999,9999,1^4^20:1^1^1520
9999,5.34103,9999,9999,1^2^20:1^3^1020:1^1^1520
9999,15.3577,9999,9999,1^4^20:1^1^1520
9999,14.3305,9999,9999,1^3^20:1^1^1520
9999,15.7109,9999,9999,1^4^20:1^1^1520
1,9999,9999,9999,1^2^20:1^3^1020:1^1^1520
9999,13.9536,9999,9999,1^4^20:1^1^1520
1,9999,9999,9999,1^2^20:1^3^1020:1^1^1520
9999,1.56226,9999,9999,1^2^20:1^4^1020:1^1^1520
9999,8.83349,9999,9999,1^2^20:1^3^1020:1^1^1520
1,9999,9999,9999,1^2^20:1^4^1020:1^1^1520
9999,2.62028,9999,9999,1^2^20:1^3^1020:1^1^1520
9999,14.3384,9999,9999,1^4^20:1^1^1520
9999,11.863,9999,9999,1^3^20:1^1^1520
9999,6.67771,9999,9999,1^2^20:1^4^1020:1^1^1520
9999,12.6599,9999,9999,1^3^20:1^1^1520
1,9999,9999,9999,1^2^20:1^4^1020:1^1^1520
9999,7.4529,9999,9999,1^2^20:1^3^1020:1^1^1520
1,9999,9999,9999,1^2^20:1^4^1020:1^1^1520
9999,2.62707,9999,9999,1^2^20:1^3^1020:1^1^1520
9999,6.65948,9999,9999,1^2^20:1^4^1020:1^1^1520
1,9999,9999,9999,1^2^20:1^3^1020:1^1^1520
9999,1.6002,9999,9999,1^2^20:1^4^1020:1^1^1520
9999,7.69879,9999,9999,1^2^20:1^3^1020:1^1^1520
9999,19.6321,9999,9999,1^4^20:1^1^1520
9999,0.97029,9999,9999,1^2^20:1^3^1020:1^1^1520
9999,8.51494,9999,9999,1^2^20:1^4^1020:1^1^1520
9999,15.7237,9999,9999,1^3^20:1^1^1520
9999,3.35637,9999,9999,1^2^20:1^4^1020:1^1^1520
9999,5.95244,9999,9999,1^2^20:1^3^1020:1^1^1520
9999,6.41387,9999,9999,1^2^20:1^4^1020:1^1^1520
9999,1.21718,9999,9999,1^2^20:1^3^1020:1^1^1520
9999,6.41033,9999,9999,1^2^20:1^4^1020:1^1^1520
9999,0.00779282,9999,9999,1^2^20:1^3^1020:1^1^1520
9999,11.828,9999,9999,1^4^20:1^1^1520
9999,19.7752,9999,9999,1^3^20:1^1^1520
9999,18.7708,9999,9999,1^4^20:1^1^1520
9999,18.697,9999,9999,1^3^20:1^1^1520
9999,15.6251,9999,9999,1^4^20:1^1^1520
9999,15.0153,9999,9999,1^3^20:1^1^1520
9999,17.2672,9999,9999,1^4^20:1^1^1520
9999,4.11267,9999,9999,1^2^20:1^3^1020:1^1^1520
9999,10.3259,9999,9999,1^4^20:1^1^1520
9999,2.22508,9999,9999,1^2^20:1^3^1020:1^1^1520
9999,0.71505,9999,9999,1^2^20:1^4^1020:1^1^1520
9999,7.68356,9999,9999,1^2^20:1^3^1020:1^1^1520
9999,3.27941,9999,9999,1^2^20:1^4^1020:1^1^1520
9999,15.1577,9999,9999,1^3^20:1^1^1520
9999,5.30205,9999,9999,1^2^20:1^4^1020:1^1^1520
9999,3.53585,9999,9999,1^2^20:1^3^1020:1^1^1520
9999,19.8156,9999,9999,1^4^20:1^1^1520
9999,15.1799,9999,9999,1^3^20:1^1^1520
9999,3.64527,9999,9999,1^2^20:1^4^1020:1^1^1520
9999,3.78661,9999,9999,1^2^20:1^3^1020:1^1^1520
9999,13.3896,9999,9999,1^4^20:1^1^1520
9999,18.7912,9999,9999,1^3^20:1^1^1520
9999,12.7,9999,9999,1^4^20:1^1^1520
9999,18.9168,9999,9999,1^3^20:1^1^1520
9999,15.055,9999,9999,1^4^20:1^1^1520
9999,9.05134,9999,9999,1^3^20:1^1^1520
1,9999,9999,9999,1^2^20:1^4^1020:1^1^1520
9999,8.37447,9999,9999,1^2^20:1^3^1020:1^1^1520
9999,0.537879,9999,9999,1^2^20:1^4^1020:1^1^1520
9999,19.691,9999,9999,1^3^20:1^1^1520
1,9999,9999,9999,1^2^20:1^4^1020:1^1^1520
1,9999,9999,9999,1^2^20:1^3^1020:1^1^1520
9999,12.897,9999,9999,1^4^20:1^1^1520
9999,5.39375,9999,9999,1^2^20:1^3^1020:1^1^1520
1,9999,9999,9999,1^2^20:1^4^1020:1^1^1520
9999,3.57237,9999,9999,1^2^20:1^3^1020:1^1^1520
9999,19.3164,9999,9999,1^4^20:1^1^1520
9999,4.4853,9999,9999,1^2^20:1^3^1020:1^1^1520
9999,2.73973,9999,9999,1^2^20:1^4^1020:1^1^1520
9999,16.4817,9999,9999,1^3^20:1^1^1520
1,9999,9999,9999,1^2^20:1^4^1020:1^1^1520
9999,3.17053,9999,9999,1^2^20:1^3^1020:1^1^1520
1,9999,9999,9999,1^2^20:1^4^1020:1^1^1520
9999,15.5904,9999,9999,1^3^20:1^1^1520
9999,9.71883,9999,9999,1^4^20:1^1^1520
1,9999,9999,9999,1^2^20:1^3^1020:1^1^1520
9999,8.2418,9999,9999,1^2^20:1^4^1020:1^1^1520
9999,15.2036,9999,9999,1^3^20:1^1^1520
9999,17.2945,9999,9999,1^4^20:1^1^1520
1,9999,9999,9999,1^2^20:1^3^1020:1^1^1520
9999,0.744868,9999,9999,1^2^20:1^4^1020:1^1^1520
9999,17.2455,9999,9999,1^3^20:1^1^1520
9999,12.9124,9999,9999,1^4^20:1^1^1520
1,9999,9999,9999,1^2^20:1^3^1020:1^1^1520
9999,16.7693,9999,9999,1^4^20:1^1^1520
9999,15.6631,9999,9999,1^3^20:1^1^1520
9999,9.0104,9999,9999,1^4^20:1^1^1520
1,9999,9999,9999,1^2^20:1^3^1020:1^1^1520
9999,16.6551,9999,9999,1^4^20:1^1^1520
1,9999,9999,9999,1^2^20:1^3^1020:1^1^1520
9999,6.74751,9999,9999,1^2^20:1^4^1020:1^1^1520
9999,18.2306,9999,9999,1^3^20:1^1^1520
9999,0.115686,9999,9999,1^2^20:1^4^1020:1^1^1520
9999,1.06438,9999,9999,1^2^20:1^3^1020:1^1^1520
9999,16.9186,9999,9999,1^4^20:1^1^1520
9999,10.617,9999,9999,1^3^20:1^1^1520
1,9999,9999,9999,1^2^20:1^4^1020:1^1^1520
9999,14.4416,9999,9999,1^3^20:1^1^1520
1,9999,9999,9999,1^2^20:1^4^1020:1^1^1520
9999,16.0999,9999,9999,1^3^20:1^1^1520
1,9999,9999,9999,1^2^20:1^4^1020:1^1^1520
9999,14.1747,9999,9999,1^3^20:1^1^1520
9999,11.2949,9999,9999,1^4^20:1^1^1520
9999,7.77156,9999,9999,1^2^20:1^3^1020:1^1^1520
9999,6.52014,9999,9999,1^2^20:1^4^1020:1^1^1520
9999,11.0026,9999,9999,1^3^20:1^1^1520
9999,8.25596,9999,9999,1^2^20:1^4^1020:1^1^1520
1,9999,9999,9999,1^2^20:1^3^1020:1^1^1520
9999,13.8493,9999,9999,1^4^20:1^1^1520
1,9999,9999,9999,1^2^20:1^3^1020:1^1^1520
9999,1.36589,9999,9999,1^2^20:1^4^1020:1^1^1520
1,9999,9999,9999,1^2^20:1^3^1020:1^1^1520
1,9999,9999,9999,1^2^20:1^4^1020:1^1^1520
9999,5.71725,9999,9999,1^2^20:1^3^1020:1^1^1520
9999,7.59837,9999,9999,1^2^20:1^4^1020:1^1^1520
9999,18.1372,9999,9999,1^3^20:1^1^1520
9999,9.83256,9999,9999,1^4^20:1^1^1520
9999,8.71292,9999,9999,1^2^20:1^3^1020:1^1^1520
9999,0.161333,9999,9999,1^2^20:1^4^1020:1^1^1520
9999,3.76193,9999,9999,1^2^20:1^3^1020:1^1^1520
9999,17.5918,9999,9999,1^4^20:1^1^1520
9999,15.5686,9999,9999,1^3^20:1^1^1520
9999,13.7391,9999,9999,1^4^20:1^1^1520
9999,8.69681,9999,9999,1^2^20:1^3^1020:1^1^1520
1,9999,9999,9999,1^2^20:1^4^1020:1^1^1520
9999,3.11134,9999,9999,1^2^20:1^3^1020:1^1^1520
1,9999,9999,9999,1^2^20:1^4^1020:1^1^1520
1,9999,9999,9999,1^2^20:1^3^1020:1^1^1520
9999,9.53117,9999,9999,1^4^20:1^1^1520
9999,11.4076,9999,9999,1^3^20:1^1^1520
1,9999,9999,9999,1^2^20:1^4^1020:1^1^1520
1,9999,9999,9999,1^2^20:1^3^1020:1^1^1520
9999,15.727,9999,9999,1^4^20:1^1^1520
9999,10.2516,9999,9999,1^3^20:1^1^1520
9999,9.65495,9999,9999,1^4^20:1^1^1520
1,9999,9999,9999,1^2^20:1^3^1020:1^1^1520
9999,4.45584,9999,9999,1^2^20:1^4^1020:1^1^1520
1,9999,9999,9999,1^2^20:1^3^1020:1^1^1520
9999,4.00961,9999,9999,1^2^20:1^4^1020:1^1^1520
9999,13.6858,9999,9999,1^3^20:1^1^1520
9999,1.12227,9999,9999,1^2^20:1^4^1020:1^1^1520
9999,12.9561,9999,9999,1^3^20:1^1^1520
9999,7.22578,9999,9999,1^2^20:1^4^1020:1^1^1520
1,9999,9999,9999,1^2^20:1^3^1020:1^1^1520
9999,0.273169,9999,9999,1^2^20:1^4^1020:1^1^1520
9999,1.59451,9999,9999,1^2^20:1^3^1020:1^1^1520
9999,12.1348,9999,9999,1^4^20:1^1^1520
9999,1.55267,9999,9999,1^2^20:1^3^1020:1^1^1520
9999,7.03706,9999,9999,1^2^20:1^4^1020:1^1^1520
9999,12.9383,9999,9999,1^3^20:1^1^1520
9999,2.78341,9999,9999,1^2^20:1^4^1020:1^1^1520
9999,7.40401,9999,9999,1^2^20:1^3^1020:1^1^1520
9999,14.1958,9999,9999,1^4^20:1^1^1520
9999,8.34334,9999,9999,1^2^20:1^3^1020:1^1^1520
9999,17.3799,9999,9999,1^4^20:1^1^1520
9999,13.1745,9999,9999,1^3^20:1^1^1520
1,9999,9999,9999,1^2^20:1^4^1020:1^1^1520
1,9999,9999,9999,1^2^20:1^3^1020:1^1^1520
9999,10.3933,9999,9999,1^4^20:1^1^1520
9999,8.88013,9999,9999,1^2^20:1^3^1020:1^1^1520
1,9999,9999,9999,1^2^20:1^4^1020:1^1^1520
9999,17.2406,9999,9999,1^3^20:1^1^1520
1,9999,9999,9999,1^2^20:1^4^1020:1^1^1520
1,9999,9999,9999,1^2^20:1^3^1020:1^1^1520
1,9999,9999,9999,1^2^20:1^4^1020:1^1^1520
9999,18.4201,9999,9999,1^3^20:1^1^1520
9999,0.720319,9999,9999,1^2^20:1^4^1020:1^1^1520
1,9999,9999,9999,1^2^20:1^3^1020:1^1^1520
9999,6.86859,9999,9999,1^2^20:1^4^1020:1^1^1520
9999,0.772868,9999,9999,1^2^20:1^3^1020:1^1^1520
1,9999,9999,9999,1^2^20:1^4^1020:1^1^1520
1,9999,9999,9999,1^2^20:1^3^1020:1^1^1520
9999,5.41471,9999,9999,1^2^20:1^4^1020:1^1^1520
9999,12.3592,9999,9999,1^3^20:1^1^1520
9999,14.9438,9999,9999,1^4^20:1^1^1520
9999,14.5409,9999,9999,1^3^20:1^1^1520
9999,7.95631,9999,9999,1^2^20:1^4^1020:1^1^1520
9999,16.1225,9999,9999,1^3^20:1^1^1520
9999,14.6441,9999,9999,1^4^20:1^1^1520
1,9999,9999,9999,1^2^20:1^3^1020:1^1^1520
9999,1.48302,9999,9999,1^2^20:1^4^1020:1^1^1520
9999,15.7719,9999,9999,1^3^20:1^1^1520
9999,15.7201,9999,9999,1^4^20:1^1^1520
9999,16.9167,9999,9999,1^3^20:1^1^1520
1,9999,9999,9999,1^2^20:1^4^1020:1^1^1520
1,9999,9999,9999,1^2^20:1^3^1020:1^1^1520
9999,4.00307,9999,9999,1^2^20:1^4^1020:1^1^1520
9999,16.3559,9999,9999,1^3^20:1^1^1520
9999,14.8812,9999,9999,1^4^20:1^1^1520
9999,7.06252,9999,9999,1^2^20:1^3^1020:1^1^1520
9999,4.66248,9999,9999,1^2^20:1^4^1020:1^1^1520
9999,2.48577,9999,9999,1^2^20:1^3^1020:1^1^1520
1,9999,9999,9999,1^2^20:1^4^1020:1^1^1520
9999,8.24393,9999,9999,1^2^20:1^3^1020:1^1^1520
9999,7.01806,9999,9999,1^2^20:1^4^1020:1^1^1520
9999,1.98776,9999,9999,1^2^20:1^3^1020:1^1^1520
1,9999,9999,9999,1^2^20:1^4^1020:1^1^1520
1,9999,9999,9999,1^2^20:1^3^1020:1^1^1520
9999,8.18576,9999,9999,1^2^20:1^4^1020:1^1^1520
9999,11.6218,9999,9999,1^3^20:1^1^1520
9999,11.7589,9999,9999,1^4^20:1^1^1520
9999,4.42024,9999,9999,1^2^20:1^3^1020:1^1^1520
1,9999,9999,9999,1^2^20:1^4^1020:1^1^1520
9999,12.393,9999,9999,1^3^20:1^1^1520
9999,11.179,9999,9999,1^4^20:1^1^1520
1,9999,9999,9999,1^2^20:1^3^1020:1^1^1520
1,9999,9999,9999,1^2^20:1^4^1020:1^1^1520
9999,19.4758,9999,9999,1^3^20:1^1^1520
9999,3.57763,9999,9999,1^2^20:1^4^1020:1^1^1520
9999,10.5941,9999,9999,1^3^20:1^1^1520
9999,14.5349,9999,9999,1^4^20:1^1^1520
9999,4.36879,9999,9999,1^2^20:1^3^1020:1^1^1520
9999,3.43962,9999,9999,1^2^20:1^4^1020:1^1^1520
1,9999,9999,9999,1^2^20:1^3^1020:1^1^1520
9999,7.96471,9999,9999,1^2^20:1^4^1020:1^1^1520
1,9999,9999,9999,1^2^20:1^3^1020:1^1^1520
1,9999,9999,9999,1^2^20:1^4^1020:1^1^1520
9999,14.6624,9999,9999,1^3^20:1^1^1520
9999,2.6854,9999,9999,1^2^20:1^4^1020:1^1^1520
9999,19.0109,9999,9999,1^3^20:1^1^1520
9999,2.64836,9999,9999,1^2^20:1^4^1020:1^1^1520
9999,18.6193,9999,9999,1^3^20:1^1^1520
9999,19.4978,9999,9999,1^4^20:1^1^1520
9999,3.54775,9999,9999,1^2^20:1^3^1020:1^1^1520
9999,16.7117,9999,9999,1^4^20:1^1^1520
9999,19.0637,9999,9999,1^3^20:1^1^1520
1,9999,9999,9999,1^2^20:1^4^1020:1^1^1520
9999,1.24427,9999,9999,1^2^20:1^3^1020:1^1^1520
9999,11.1478,9999,9999,1^4^20:1^1^1520
1,9999,9999,9999,1^2^20:1^3^1020:1^1^1520
9999,13.7633,9999,9999,1^4^20:1^1^1520
1,9999,9999,9999,1^2^20:1^3^1020:1^1^1520
9999,2.79279,9999,9999,1^2^20:1^4^1020:1^1^1520
1,9999,9999,9999,1^2^20:1^3^1020:1^1^1520
1,9999,9999,9999,1^2^20:1^4^1020:1^1^1520
9999,14.8501,9999,9999,1^3^20:1^1^1520
1,9999,9999,9999,1^2^20:1^4^1020:1^1^1520
9999,0.647645,9999,9999,1^2^20:1^3^1020:1^1^1520
9999,13.0585,9999,9999,1^4^20:1^1^1520
1,9999,9999,9999,1^2^20:1^3^1020:1^1^1520
9999,6.44168,9999,9999,1^2^20:1^4^1020:1^1^1520
1,9999,9999,9999,1^2^20:1^3^1020:1^1^1520
9999,3.94122,9999,9999,1^2^20:1^4^1020:1^1^1520
9999,3.49771,9999,9999,1^2^20:1^3^1020:1^1^1520
9999,11.8285,9999,9999,1^4^20:1^1^1520
9999,4.29301,9999,9999,1^2^20:1^3^1020:1^1^1520
1,9999,9999,9999,1^2^20:1^4^1020:1^1^1520
9999,11.6835,9999,9999,1^3^20:1^1^1520
9999,10.696,9999,9999,1^4^20:1^1^1520
9999,14.1391,9999,9999,1^3^20:1^1^1520
1,9999,9999,9999,1^2^20:1^4^1020:1^1^1520
9999,12.6405,9999,9999,1^3^20:1^1^1520
9999,7.92976,9999,9999,1^2^20:1^4^1020:1^1^1520
9999,3.28914,9999,9999,1^2^20:1^3^1020:1^1^1520
9999,6.22235,9999,9999,1^2^20:1^4^1020:1^1^1520
9999,3.45997,9999,9999,1^2^20:1^3^1020:1^1^1520
9999,5.6143,9999,9999,1^2^20:1^4^1020:1^1^1520
9999,18.6417,9999,9999,1^3^20:1^1^1520
9999,6.85877,9999,9999,1^2^20:1^4^1020:1^1^1520
1,9999,9999,9999,1^2^20:1^3^1020:1^1^1520
9999,1.22141,9999,9999,1^2^20:1^4^1020:1^1^1520
9999,16.1702,9999,9999,1^3^20:1^1^1520
9999,15.9485,9999,9999,1^4^20:1^1^1520
1,9999,9999,9999,1^2^20:1^3^1020:1^1^1520
1,9999,9999,9999,1^2^20:1^4^1020:1^1^1520
1,9999,9999,9999,1^2^20:1^3^1020:1^1^1520
9999,18.6392,9999,9999,1^4^20:1^1^1520
9999,14.6647,9999,9999,1^3^20:1^1^1520
1,9999,9999,9999,1^2^20:1^4^1020:1^1^1520
9999,4.68309,9999,9999,1^2^20:1^3^1020:1^1^1520
1,9999,9999,9999,1^2^20:1^4^1020:1^1^1520
9999,1.0335,9999,9999,1^2^20:1^3^1020:1^1^1520
9999,5.60697,9999,9999,1^2^20:1^4^1020:1^1^1520
9999,19.8032,9999,9999,1^3^20:1^1^1520
9999,10.325,9999,9999,1^4^20:1^1^1520
9999,5.77435,9999,9999,1^2^20:1^3^1020:1^1^1520
9999,7.01213,9999,9999,1^2^20:1^4^1020:1^1^1520
9999,11.3191,9999,9999,1^3^20:1^1^1520
1,9999,9999,9999,1^2^20:1^4^1020:1^1^1520
9999,11.2408,9999,9999,1^3^20:1^1^1520
9999,16.0001,9999,9999,1^4^20:1^1^1520
9999,7.78101,9999,9999,1^2^20:1^3^1020:1^1^1520
9999,0.074525,9999,9999,1^2^20:1^4^1020:1^1^1520
1,9999,9999,9999,1^2^20:1^3^1020:1^1^1520
9999,9.1142,9999,9999,1^4^20:1^1^1520
1,9999,9999,9999,1^2^20:1^3^1020:1^1^1520
9999,19.6623,9999,9999,1^4^20:1^1^1520
1,9999,9999,9999,1^2^20:1^3^1020:1^1^1520
1,9999,9999,9999,1^2^20:1^4^1020:1^1^1520
9999,8.31175,9999,9999,1^2^20:1^3^1020:1^1^1520
1,9999,9999,9999,1^2^20:1^4^1020:1^1^1520
9999,17.9446,9999,9999,1^3^20:1^1^1520
9999,4.83611,9999,9999,1^2^20:1^4^1020:1^1^1520
9999,5.72943,9999,9999,1^2^20:1^3^1020:1^1^1520
9999,13.3119,9999,9999,1^4^20:1^1^1520
9999,11.94,9999,9999,1^3^20:1^1^1520
1,9999,9999,9999,1^2^20:1^4^1020:1^1^1520
1,9999,9999,9999,1^2^20:1^3^1020:1^1^1520
9999,16.0192,9999,9999,1^4^20:1^1^1520
9999,4.18394,9999,9999,1^2^20:1^3^1020:1^1^1520
1,9999,9999,9999,1^2^20:1^4^1020:1^1^1520
9999,10.8622,9999,9999,1^3^20:1^1^1520
9999,10.8708,9999,9999,1^4^20:1^1^1520
9999,10.7133,9999,9999,1^3^20:1^1^1520
9999,19.7529,9999,9999,1^4^20:1^1^1520
9999,16.3403,9999,9999,1^3^20:1^1^1520
9999,2.49902,9999,9999,1^2^20:1^4^1020:1^1^1520
9999,3.77389,9999,9999,1^2^20:1^3^1020:1^1^1520
9999,16.71,9999,9999,1^4^20:1^1^1520
1,9999,9999,9999,1^2^20:1^3^1020:1^1^1520
1,9999,9999,9999,1^2^20:1^4^1020:1^1^1520
9999,17.4509,9999,9999,1^3^20:1^1^1520
9999,3.98922,9999,9999,1^2^20:1^4^1020:1^1^1520
1,9999,9999,9999,1^2^20:1^3^1020:1^1^1520
9999,7.78736,9999,9999,1^2^20:1^4^1020:1^1^1520
9999,16.718,9999,9999,1^3^20:1^1^1520
9999,8.41558,9999,9999,1^2^20:1^4^1020:1^1^1520
1,9999,9999,9999,1^2^20:1^3^1020:1^1^1520
